dades <- c("A-n32-k5", 518.01, 0.00, 0.00, 7.49, -11.58, 44.96, -14.67,
"A-n33-k5", 496.58, 0.00, 0.00, 5.17, -7.86, 26.32, -32.80,
"A-n33-k6", 576.86, 0.00, 0.00, 5.66, -2.22, 44.86, -26.71,
           "A-n34-k5", 522.19, 0.00, 0.00, 6.82, -4.56, 22.75, -27.24,
           "A-n36-k5", 520.99, 0.25, -0.01, 7.17, -9.54, 32.69, -21.20,
           "A-n37-k5", 494.86, 0.00, 0.00, 6.24, -7.35, 9.82, -32.26,
           "A-n37-k6", 643.18, 0.32, -0.5, 3.27, -7.95, 46.07, -24.57,
           "A-n38-k5", 508.03, 0.00, 0.00, 6.66, -0.90, 22.16, -25.25,
           "A-n39-k5", 530.31, 0.00, 0.00, 6.64, -4.88, 30.26, -25.24,
           "A-n39-k6", 595.35, 0.00, 0.00, 7.59, -3.43, 39.17, -27.57,
           "A-n44-k6", 640.35, 0.00, 0.00, 4.26, -5.3, 18.57, -29.98,
           "A-n45-k6", 683.62, 0.00, 0.00, 9.06, -11.7, 16.71, -42.04,
           "A-n45-k7", 853.28, 0.00, 0.00, 11.15, -8.34, 34.62, -19.36,
           "A-n46-k7", 682.21, 0.00, 0.00, 6.45, -8.13, 23.06, -16.83,
           "A-n48-k7", 786.90, 0.00, 0.00, -2.14, -12.87, 21.64, -18.19,
           "A-n53-k7", 715.18, 0.00, 0.00, 5.07, -5.74, 32.47, -27.35,
           "A-n54-k7", 749.95, 0.00, 0.00, 17.39, -6.44, 46.32, -23.54,
           "A-n55-k9", 873.50, 0.00, 0.00, 4.17, -2.84, 31.74, -23.45,
           "A-n60-k9", 922.74, 0.00, 0.00, 7.45, -12.74, 31.22, -20.04,
           "A-n61-k9", 911.99, 0.00, 0.00, 4.97, -6.95, 43.39, -22.05,
           "A-n62-k8", 1109.94, 0.00, 0.00, 6.59, -12.53, 21.39, -24.72,
           "A-n63-k10", 974.65, 0.00, 0.00, 6.61, -4.11, 33.91, -24.32,
           "A-n63-k9", 1551.93, 0.00, 0.00, 4.78, -15.36, 41.95, -18.25,
           "A-n65-k9", 894.25, 0.00, 0.00, 4.38, -4.28, 27.77, -26.46,
           "A-n69-k9", 888.75, 0.00, 0.00, 5.31, -3.39, 25.24, -34.73,
           "B-n31-k5", 473.94, 0.00, 0.00, 10.01, -2.11, 55.22, -8.29,
           "B-n34-k5", 502.73, 0.00, 0.00, 10.21, -1.28, 42.38, -8.90,
           "B-n38-k6", 569.12, 0.05, -0.29, 10.55, -5.02, 33.87, -12.17,
           "B-n41-k6", 606.17, 0.00, 0.00, 4.83, -5.52, 29.16, -6.31,
           "B-n43-k6", 563.21, 0.00, 0.00, 8.76, -5.26, 27.15, -15.63,
           "B-n44-k7", 646.96, 0.00, 0.00, 12.18, -6.93, 67.63, -11.46,
           "B-n45-k5", 519.00, 0.00, 0.00, 5.39, -1.79, 26.67, -25.20,
           "B-n50-k7", 634.85, 0.00, 0.00, 8.26, -3.67, 22.94, -11.66,
           "B-n50-k8", 905.47, 0.00, 0.00, 15.69, -13.57, 28.75, -16.98,
           "B-n57-k9", 2211.33, 0.00, 0.00, 6.78, -3.93, 14.98, -6.96,
           "B-n63-k10", 1538.83, 0.00, 0.00, 9.22, -14.28, 31.91, -12.49,
           "B-n64-k9", 868.01, 0.00, 0.00, 6.08, -3.40, 24.25, -14.38,
           "B-n66-k9", 914.51, 0.00, 0.00, 6.05, -3.61, 16.15, -17.94,
           "B-n67-k10", 923.95, 0.00, 0.00, 4.83, -6.64, 16.12, -18.24,
           "B-n68-k9", 885.72, 0.00, 0.00, 9.11, -6.49, 31.66, -19.52)
dades1 <- matrix(dades, ncol=8, byrow=TRUE)
dades1 <- data.frame(dades1)
for(j in c(2:8)){
  dades1[,j] <- as.numeric(as.character(dades1[,j]))}
aux <- 
  rbind(
    cbind(dades1$X3,rep(1,length(dades1$X3))),
    cbind(dades1$X4,rep(2,length(dades1$X4))),
    cbind(dades1$X5,rep(3,length(dades1$X5))),
    cbind(dades1$X6,rep(4,length(dades1$X6))),
    cbind(dades1$X7,rep(5,length(dades1$X7))),
    cbind(dades1$X8,rep(6,length(dades1$X8)))
  )
colnames(aux) <- c("X", "Y")
boxplot(aux[,1] ~ aux[,2],
        names = c("TC-economic sol", "Ec-economic sol", "TC-co2 sol", "Co2-co2 sol", "TC-social sol", "Sc-social sol"), ylab = "Gap (%)")
axis(1, at=c(1:6), c("TC-economic sol", "Ec-economic sol", "TC-co2 sol", "Co2-co2 sol", "TC-social sol", "Sc-social sol"),cex.axis=0.8)
axis(2, aux[,2], cex.axis=0.8)